29.580 264.980
32.670 265.830
26.230 261.710
29.920 266.090
29.860 265.680
30.070 265.910
32.560 263.680
27.430 262.700
33.590 258.210
31.650 262.930
28.700 259.550
30.350 264.580
32.030 263.600
27.770 262.570
27.800 262.570
27.810 262.530
30.180 266.130
35.200 258.090
32.760 262.660
32.660 262.910
30.350 262.240
30.480 262.130
30.260 262.290
30.350 262.310
27.600 260.470
41.840 248.150
39.600 249.230
40.900 248.110
40.290 249.990
37.750 246.940
40.730 248.130
40.800 248.070
40.500 247.960
40.600 247.650
40.460 250.440
40.200 250.650
40.050 250.310
40.340 248.290
40.140 248.340
37.180 246.700
37.200 246.850
42.890 286.750
44.530 287.130
44.480 286.790
43.610 287.020
38.080 281.500
38.770 282.890
39.280 281.920
37.560 282.600
38.520 281.570
37.290 280.120
37.100 283.610
47.130 241.620
46.430 242.940
46.220 240.800
47.840 239.980
47.600 239.340
47.430 239.660
48.290 235.380
48.370 235.390
48.120 236.560
45.860 237.590
45.640 237.410
46.320 242.020
46.140 237.040
46.580 241.000
47.130 240.730
47.240 240.150
47.340 235.710
46.980 236.170
48.290 237.340
48.130 237.220
47.490 238.230
47.760 237.720
47.600 237.680
47.600 237.850
47.560 237.660
47.570 237.690
47.530 237.680
47.390 237.770
47.590 237.370
46.990 239.460
46.660 237.030
47.210 236.900
48.360 239.880
48.480 239.810
48.400 240.480
47.230 237.540
47.190 237.550
47.270 237.610
47.140 237.700
48.520 237.390
48.410 237.660
48.470 237.440
47.810 237.680
48.250 238.400
48.060 237.820
47.670 242.640
47.700 242.570
47.810 242.660
47.660 242.740
47.890 242.010
48.540 242.100
47.030 237.180
46.060 241.650
48.950 237.450
48.760 237.540
46.720 242.820
46.820 242.130
47.230 242.630
46.320 240.000
46.590 239.490
46.380 239.670
46.380 239.270
38.350 278.380
46.610 269.300
44.520 272.010
43.100 270.640
43.470 271.380
44.760 268.590
45.560 271.190
42.690 269.300
42.500 272.190
43.780 268.780
43.020 272.070
43.060 272.090
42.930 272.070
42.930 272.070
44.310 271.600
43.500 272.190
43.440 270.320
45.200 269.400
46.050 270.350
43.020 271.790
42.530 251.280
42.210 255.450
41.180 255.220
42.820 253.640
44.930 253.150
42.870 250.130
43.880 255.810
18.430 293.860
18.010 293.370
32.630 244.550
32.630 244.500
19.470 260.830
19.300 260.930
19.360 260.740
19.360 260.930
19.330 260.800
19.410 260.850
19.420 260.880
19.530 260.970
19.530 260.920
19.390 260.970
19.530 260.800
48.950 301.940
47.510 307.210
48.950 302.080
47.100 304.800
46.240 296.870
46.480 296.010
46.390 297.420
44.650 296.430
44.720 296.520
45.610 298.640
46.140 299.830
45.010 295.000
45.680 297.300
45.040 295.710
45.310 293.990
45.250 293.920
45.280 293.940
46.110 295.210
45.950 292.520
45.090 292.920
47.610 294.370
46.770 288.630
46.350 287.460
46.040 287.340
46.040 285.520
45.120 285.720
45.810 286.560
46.350 287.570
45.430 284.320
42.310 276.960
44.220 283.480
43.660 280.610
43.260 280.140
46.490 279.000
46.530 275.690
42.970 278.800
42.990 277.600
44.300 281.650
45.030 285.260
43.160 280.770
43.140 279.700
43.440 279.500
46.320 280.550
44.300 278.420
45.220 281.070
43.330 278.260
44.390 280.610
45.340 279.960
42.670 278.840
44.150 282.600
42.400 277.790
49.950 262.600
49.840 260.080
50.450 255.380
52.140 253.340
53.200 254.250
50.290 252.180
53.500 246.390
53.550 246.630
53.550 246.500
53.560 246.440
51.010 245.970
51.080 245.860
51.050 245.930
51.050 245.920
52.300 246.210
50.050 249.320
49.720 247.200
53.700 246.780
53.800 247.070
56.730 248.610
56.750 248.520
57.190 248.360
57.150 248.360
53.680 247.130
53.370 244.810
55.200 240.600
53.130 242.910
58.710 248.820
51.950 245.300
54.410 249.770
54.220 248.500
49.100 242.300
49.280 237.030
49.280 237.150
49.220 237.010
49.160 237.100
49.130 237.310
49.140 236.890
49.320 236.920
49.190 236.850
49.010 236.920
53.910 237.260
53.860 237.240
48.430 236.640
48.430 236.510
50.670 239.670
49.860 240.530
49.040 237.690
49.020 237.670
49.160 238.060
49.250 237.290
49.100 237.430
49.370 238.500
52.980 237.510
52.960 237.550
52.970 237.480
49.090 243.490
49.200 236.010
49.890 235.440
49.890 235.440
54.780 232.820
54.520 231.400
49.260 235.190
52.130 237.850
51.300 243.030
49.490 242.700
49.320 242.340
54.060 231.330
54.040 231.620
53.970 231.350
50.230 240.720
49.030 241.560
50.140 237.040
54.400 233.350
54.230 234.240
49.440 236.510
48.880 236.350
54.020 235.990
49.680 235.000
30.490 272.130
34.760 272.350
33.330 273.000
33.550 273.450
33.500 273.080
33.390 273.180
33.800 273.060
33.570 273.200
34.690 273.410
30.770 271.910
32.410 273.740
34.530 273.030
32.440 275.000
32.360 271.720
61.210 210.180
64.850 212.270
64.760 212.690
58.390 225.430
61.530 210.970
31.350 250.460
34.240 246.440
33.480 247.860
33.410 248.140
33.560 247.930
33.570 247.810
33.400 247.930
33.410 248.070
33.400 248.030
33.430 247.880
33.500 247.910
32.320 248.960
32.300 249.020
32.170 249.020
32.250 249.030
32.880 247.960
31.340 249.060
32.690 245.390
35.200 269.810
34.760 267.720
34.680 267.670
33.220 267.330
36.180 265.880
37.690 238.220
37.740 237.830
37.810 237.720
37.790 237.740
37.860 237.700
37.700 238.100
39.760 238.160
39.750 238.380
39.780 238.410
39.330 238.330
38.200 239.320
39.020 237.710
39.190 238.000
37.940 237.970
37.960 237.640
36.790 240.230
36.200 239.900
36.630 239.620
36.820 240.280
39.530 237.810
32.680 244.520
32.790 244.440
33.210 244.460
37.360 241.670
36.490 242.130
36.600 241.960
37.370 241.580
35.050 241.850
35.360 240.940
34.840 241.140
36.310 240.360
34.140 242.150
34.070 241.770
34.200 241.470
33.790 241.820
34.380 241.470
34.670 241.870
36.950 239.970
37.970 237.480
37.750 240.410
39.150 236.790
39.410 236.650
37.280 239.570
37.650 241.030
37.960 240.880
36.480 238.270
36.210 238.870
36.690 238.380
38.280 237.720
39.230 238.940
39.340 239.830
33.830 242.060
38.940 238.900
39.100 239.050
38.750 238.740
39.170 239.850
38.890 238.700
40.300 238.770
39.810 239.530
39.940 239.050
33.750 244.180
33.920 243.140
33.580 242.930
34.000 242.580
34.000 242.510
33.680 242.670
38.610 238.630
38.570 238.510
38.300 238.580
38.680 238.840
38.490 238.790
36.840 238.640
34.240 242.730
34.510 242.670
34.100 242.370
32.840 243.230
33.220 242.600
32.580 243.070
32.790 243.060
37.770 237.600
37.950 238.730
37.800 238.780
37.680 238.560
35.020 239.440
35.260 239.330
35.050 239.410
35.490 239.330
35.740 239.120
37.480 237.800
34.430 240.310
34.940 239.560
34.640 239.540
34.450 240.170
37.000 238.430
37.350 238.110
37.340 238.150
36.980 238.010
37.060 237.920
40.450 237.700
41.730 237.370
38.100 237.760
38.350 238.040
38.220 238.230
38.400 237.180
37.640 239.010
37.490 239.160
39.140 238.380
40.170 237.740
40.730 237.060
36.490 241.170
36.330 240.710
36.030 240.950
34.210 241.130
34.400 241.190
34.450 240.770
34.280 241.320
34.270 240.870
38.530 238.230
38.660 238.270
39.830 255.060
40.160 254.900
40.010 254.730
38.740 251.930
39.750 255.010
39.740 255.060
39.780 254.990
39.730 254.980
39.790 255.010
39.530 254.930
38.850 255.170
39.530 252.220
37.100 252.130
40.570 254.920
39.060 251.440
40.410 255.290
41.170 286.800
41.400 286.560
41.770 287.320
41.780 287.370
41.830 286.700
41.300 287.100
41.550 286.960
41.350 287.920
38.980 284.440
39.550 284.270
39.600 284.390
39.740 284.440
38.640 284.390
38.900 283.040
38.920 282.990
38.890 283.050
30.130 274.260
28.050 279.370
26.070 279.660
26.050 279.740
26.130 279.830
26.290 279.900
28.960 277.360
26.300 278.280
30.180 277.380
30.480 278.410
30.140 278.370
30.260 278.550
30.260 278.390
30.530 272.800
30.430 277.210
27.780 277.580
27.890 277.460
27.970 277.770
30.850 274.400
26.600 278.120
30.440 275.650
29.170 277.900
27.170 279.760
25.790 279.780
25.470 279.520
30.630 278.460
28.600 278.640
26.720 279.340
27.790 277.260
28.090 277.300
28.030 278.030
30.390 272.990
27.290 277.490
27.090 277.640
29.210 278.950
30.080 275.840
32.800 276.460
32.090 278.870
33.920 276.640
33.690 275.730
31.580 275.900
34.260 274.680
33.720 275.640
33.780 275.610
33.960 275.930
34.300 276.190
33.430 275.840
32.610 276.400
30.850 276.710
32.520 275.060
33.430 277.980
34.980 274.700
19.720 204.890
19.510 204.090
19.210 204.530
19.120 204.220
19.560 204.900
21.320 201.910
21.310 202.140
21.300 202.130
21.390 202.030
20.870 203.510
43.600 243.650
42.880 247.540
42.590 247.540
47.340 243.110
43.820 244.160
44.100 244.030
48.290 243.440
43.470 247.950
49.000 243.640
48.890 243.640
42.650 248.390
45.930 243.890
46.210 243.970
46.060 243.650
42.680 245.750
47.790 243.200
46.730 243.050
46.920 243.100
46.580 243.290
45.180 246.110
43.810 248.200
42.610 246.210
46.410 243.010
47.540 243.760
42.570 245.510
44.890 243.890
44.260 243.020
40.050 271.630
41.670 272.270
41.910 272.280
41.750 272.290
42.060 272.140
42.140 272.200
41.860 272.250
41.770 271.850
38.090 271.380
39.100 269.660
42.220 271.760
40.520 271.000
39.870 271.070
38.700 269.860
40.700 270.410
38.180 270.210
41.510 269.480
38.610 269.840
39.830 270.360
41.530 271.880
41.220 271.810
41.090 274.900
39.240 274.110
41.660 274.030
38.310 274.170
39.960 274.060
40.480 273.890
41.610 272.700
41.590 272.510
40.130 274.350
39.810 273.890
39.790 273.790
39.790 273.870
39.160 273.500
41.620 272.800
41.700 273.790
40.430 273.150
38.010 272.420
39.490 272.600
41.170 274.370
41.980 268.310
40.970 264.960
41.600 266.360
40.690 267.990
38.840 265.250
37.700 262.690
39.020 264.290
38.770 260.240
39.120 265.360
38.460 277.370
39.020 275.530
37.780 272.920
37.130 273.850
38.070 275.500
37.710 274.150
38.060 274.100
38.230 274.350
38.190 274.290
38.180 274.430
38.230 274.170
37.060 271.430
37.280 276.780
37.480 277.460
37.050 273.790
32.540 266.250
30.260 266.710
30.460 268.820
30.040 269.730
30.230 267.960
29.760 269.230
30.320 269.190
29.990 269.900
32.510 267.950
29.940 270.020
30.430 269.800
44.090 289.790
47.360 291.680
46.680 291.980
46.700 291.970
43.660 289.730
44.380 291.740
44.550 289.450
44.820 291.230
44.960 292.940
39.460 283.370
39.700 284.140
38.590 283.860
39.710 280.990
39.410 283.700
39.140 283.150
39.310 284.200
39.110 282.890
39.060 283.120
39.570 282.280
39.300 283.400
42.700 286.890
41.680 288.830
42.470 289.030
42.770 288.900
42.610 287.400
42.190 287.440
42.120 287.420
42.300 287.670
42.070 288.990
42.330 288.920
42.330 288.940
42.260 288.210
43.570 276.110
43.030 276.330
42.760 275.440
42.280 274.460
42.980 274.330
42.000 276.050
44.310 275.110
42.950 277.540
46.290 274.050
42.240 276.400
42.230 276.790
42.300 276.890
42.310 276.850
42.260 276.840
42.310 276.910
42.300 276.870
42.310 276.900
45.140 266.790
46.850 264.150
47.880 264.970
46.710 267.490
47.380 265.400
47.970 270.310
46.390 265.860
44.740 266.760
44.710 266.710
44.970 266.740
44.950 266.740
47.950 268.500
44.460 264.160
43.990 267.550
44.960 266.960
47.520 267.460
46.820 267.910
46.740 267.830
44.790 266.490
45.550 265.870
45.210 266.330
33.750 269.270
34.820 270.010
31.320 270.710
30.300 270.600
30.390 270.950
32.330 269.820
32.350 269.770
30.380 271.470
39.740 265.140
38.760 265.420
37.700 265.970
39.300 265.620
37.260 266.700
39.100 265.430
39.050 265.550
38.450 269.600
38.650 269.650
38.540 269.740
38.660 269.800
38.660 269.810
38.630 269.720
47.490 248.700
47.050 250.540
48.360 245.810
44.660 248.910
45.680 248.940
46.850 248.010
46.660 247.990
48.380 244.450
46.840 245.980
47.010 245.780
47.180 246.520
48.320 252.140
45.440 254.630
46.240 245.840
47.870 255.320
45.370 253.510
47.590 244.680
46.000 247.500
45.810 251.570
41.250 264.030
40.810 263.320
41.130 264.040
36.110 244.750
36.270 244.760
36.050 244.950
36.140 244.920
36.160 244.890
35.790 244.640
36.140 244.820
36.360 244.640
38.900 240.270
38.950 241.190
39.530 240.190
39.400 240.260
39.540 240.250
39.620 240.280
39.140 240.230
42.930 287.730
43.630 287.690
42.860 288.120
43.080 289.250
42.860 288.620
39.460 285.550
40.850 286.030
39.930 284.870
39.420 284.970
40.720 285.810
40.730 285.950
40.520 285.190
40.280 285.260
40.460 285.570
40.640 285.790
40.600 285.720
40.920 284.930
35.140 253.420
35.140 253.400
35.020 253.350
35.190 253.490
32.000 253.400
31.790 253.320
32.310 253.250
32.730 256.880
35.620 253.920
36.380 254.420
42.640 286.250
40.820 286.100
40.810 286.110
42.880 281.190
42.920 281.230
43.000 281.100
44.360 286.100
44.980 285.300
40.640 285.980
40.690 286.070
43.150 282.450
40.740 286.410
40.850 286.070
40.710 286.010
40.820 286.050
43.100 284.780
41.500 285.990
40.730 286.110
40.740 286.180
40.740 286.180
40.580 285.800
41.180 285.970
40.830 286.940
41.050 286.240
35.610 277.420
35.730 278.630
35.040 281.050
35.810 279.740
35.990 281.100
35.890 281.130
35.990 282.410
36.110 279.770
36.030 279.660
36.110 280.200
35.500 281.560
35.240 279.220
35.150 279.130
35.210 279.130
35.910 277.940
35.260 280.140
34.360 282.140
35.640 282.640
35.440 276.560
35.500 276.690
35.860 281.430
35.870 281.180
46.950 256.490
48.640 257.600
46.830 259.230
46.930 263.150
47.600 256.740
47.300 258.230
47.190 258.570
47.940 258.430
48.150 256.360
38.790 276.470
40.770 275.950
39.930 276.190
39.080 275.860
41.490 278.320
41.440 278.510
40.080 277.180
40.110 276.930
39.280 275.630
39.210 275.310
39.130 275.500
39.150 275.460
40.370 279.380
41.730 278.760
38.510 277.340
41.640 276.450
41.100 279.340
41.060 278.080
39.760 275.800
39.840 275.280
40.800 278.630
41.060 278.530
41.230 279.200
39.430 275.800
35.750 265.330
34.260 262.530
35.320 262.510
34.630 261.570
36.160 261.060
36.700 262.920
36.920 264.370
35.500 262.420
35.610 262.530
34.910 264.210
35.410 265.480
35.950 264.000
36.210 264.020
44.790 242.160
44.590 236.730
45.260 237.410
45.770 237.230
43.380 235.740
44.300 239.160
44.290 238.440
44.060 238.690
43.230 236.640
44.420 241.050
43.590 240.950
42.620 237.190
42.230 237.210
42.190 237.290
42.330 237.120
44.630 238.870
42.290 236.770
42.160 236.350
42.430 236.650
42.190 238.270
42.190 239.650
44.070 236.860
44.030 236.920
44.050 236.980
43.740 237.520
43.800 236.950
44.620 236.910
44.750 237.520
44.400 237.270
44.780 237.380
44.810 237.090
45.010 237.210
44.940 236.990
44.730 237.820
45.500 237.400
45.650 241.180
45.830 240.740
45.320 241.920
45.430 242.700
45.600 238.800
45.530 237.030
45.400 237.250
45.470 237.180
39.920 282.690
40.470 280.040
40.320 280.130
40.440 280.140
40.810 280.430
40.750 279.680
40.380 284.030
40.520 281.610
41.710 283.490
40.310 281.080
40.810 282.120
39.830 284.230
40.250 282.810
40.250 283.150
39.840 284.630
39.820 284.590
42.140 279.960
39.820 279.710
41.440 284.380
40.050 283.720
40.040 283.890
40.340 283.620
40.610 284.570
41.220 279.520
40.110 284.690
40.630 284.660
39.990 284.920
39.920 284.810
39.960 284.860
40.050 285.020
39.990 284.790
41.640 283.060
40.150 280.100
40.440 279.580
40.270 279.760
40.310 280.490
39.970 283.300
41.620 288.280
41.810 288.590
41.830 288.580
41.840 288.640
41.490 288.580
32.940 280.340
32.790 280.040
34.620 279.800
33.740 278.150
34.210 280.230
34.840 277.590
34.050 278.850
34.810 276.760
34.090 279.040
34.960 278.080
44.350 263.190
44.900 262.870
43.560 256.520
44.370 259.710
43.750 258.060
43.550 263.300
44.090 256.730
42.750 263.290
35.770 276.060
35.630 276.060
36.180 273.260
36.050 270.620
35.050 274.710
35.980 276.070
35.720 275.660
35.450 275.400
35.650 272.990
36.190 274.510
35.940 275.460
35.150 270.150
36.540 277.480
36.300 273.350
31.120 262.570
29.510 261.380
29.280 261.690
29.330 261.450
29.420 261.420
29.530 261.610
33.440 265.920
29.300 256.820
25.890 262.510
26.070 262.830
32.820 263.140
33.190 262.810
31.870 257.670
32.480 262.970
32.180 263.130
31.770 253.500
31.770 253.540
31.750 253.600
31.670 253.710
29.960 263.250
29.260 265.140
29.900 264.670
29.800 264.870
29.770 264.970
29.690 264.710
29.770 264.780
29.730 264.740
29.670 264.870
