           1   170.6667      1.3756339E-04
           2   102.4000      2.5930363E-04
           3   73.14286      1.1473169E-04
           4   56.88889      3.7983235E-04
           5   46.54546      3.0473730E-04
           6   39.38462      6.8895490E-04
           7   34.13334      6.0007197E-04
           8   30.11765      3.0488646E-04
           9   26.94737      1.0046061E-03
          10   24.38095      8.1429747E-04
          11   22.26087      4.9368525E-04
          12   20.48000      1.6528150E-03
          13   18.96296      1.1665872E-03
          14   17.65517      1.4191115E-03
          15   16.51613      1.5111442E-03
          16   15.51515      1.8963703E-03
          17   14.62857      1.8487846E-03
          18   13.83784      1.4389808E-03
          19   13.12821      1.0515979E-03
          20   12.48780      1.3443072E-03
          21   11.90698      1.2920458E-03
          22   11.37778      2.0257395E-03
          23   10.89362      2.3331561E-03
          24   10.44898      1.8438788E-03
          25   10.03922      2.6248053E-03
          26   9.660378      3.2162233E-03
          27   9.309091      1.9939523E-03
          28   8.982456      2.2107963E-03
          29   8.677966      2.4316926E-03
          30   8.393442      3.3266956E-03
          31   8.126985      3.4253628E-03
          32   7.876923      2.9432250E-03
          33   7.641791      3.5856944E-03
          34   7.420290      3.2797810E-03
          35   7.211267      4.0418110E-03
          36   7.013699      3.0206486E-03
          37   6.826667      4.4265320E-03
          38   6.649351      5.3187311E-03
          39   6.481013      3.2745083E-03
          40   6.320988      3.6137097E-03
          41   6.168674      3.5489819E-03
          42   6.023530      3.7295171E-03
          43   5.885057      3.9983266E-03
          44   5.752809      5.8594327E-03
          45   5.626374      3.5251630E-03
          46   5.505376      3.7623092E-03
          47   5.389474      4.4762879E-03
          48   5.278350      4.8838854E-03
          49   5.171717      3.5490941E-03
          50   5.069307      5.9260186E-03
          51   4.970874      4.6429425E-03
          52   4.876191      4.9107349E-03
          53   4.785047      4.8544868E-03
          54   4.697248      3.7156946E-03
          55   4.612613      5.5392706E-03
          56   4.530973      6.3589499E-03
          57   4.452174      7.0750378E-03
          58   4.376069      5.3136605E-03
          59   4.302521      6.3261981E-03
          60   4.231405      6.9957185E-03
          61   4.162601      6.2024104E-03
          62   4.096000      4.3377136E-03
          63   4.031496      5.7506305E-03
          64   3.968992      5.6344070E-03
          65   3.908397      6.7748241E-03
          66   3.849624      5.9020850E-03
          67   3.792593      6.7572454E-03
          68   3.737226      8.5083814E-03
          69   3.683453      6.3506332E-03
          70   3.631206      6.9939625E-03
          71   3.580420      7.0237266E-03
          72   3.531034      7.3262858E-03
          73   3.482993      8.5763792E-03
          74   3.436242      5.9032892E-03
          75   3.390728      7.4116630E-03
          76   3.346405      7.2862408E-03
          77   3.303226      7.5638699E-03
          78   3.261147      6.7665773E-03
          79   3.220126      5.9422166E-03
          80   3.180124      8.0160443E-03
          81   3.141104      6.5065436E-03
          82   3.103030      7.5416835E-03
          83   3.065868      4.9906997E-03
          84   3.029586      6.9379113E-03
          85   2.994152      9.7750174E-03
          86   2.959538      1.0281079E-02
          87   2.925714      9.6917879E-03
          88   2.892655      8.8807447E-03
          89   2.860335      7.1447236E-03
          90   2.828729      8.7998034E-03
          91   2.797814      7.2731962E-03
          92   2.767568      9.2518656E-03
          93   2.737968      9.6699940E-03
          94   2.708995      7.8648776E-03
          95   2.680628      8.5261166E-03
          96   2.652850      8.7263882E-03
          97   2.625641      9.5254295E-03
          98   2.598985      1.0267118E-02
          99   2.572864      9.2156613E-03
         100   2.547264      9.4388546E-03
         101   2.522167      1.1327272E-02
         102   2.497561      9.5291231E-03
         103   2.473430      1.0702232E-02
         104   2.449761      8.7472200E-03
         105   2.426540      8.6372560E-03
         106   2.403756      1.0322265E-02
         107   2.381395      1.1816722E-02
         108   2.359447      1.1030886E-02
         109   2.337899      1.0384044E-02
         110   2.316742      1.1261361E-02
         111   2.295964      1.0111823E-02
         112   2.275556      9.4925445E-03
         113   2.255507      1.1237654E-02
         114   2.235808      1.4943829E-02
         115   2.216450      1.1570431E-02
         116   2.197425      1.1104003E-02
         117   2.178723      1.1328734E-02
         118   2.160337      1.2322315E-02
         119   2.142259      1.3435546E-02
         120   2.124481      1.2051475E-02
         121   2.106996      1.2699772E-02
         122   2.089796      8.8417726E-03
         123   2.072875      1.4624896E-02
         124   2.056225      9.9306898E-03
         125   2.039841      1.2145522E-02
         126   2.023715      1.1810013E-02
         127   2.007843      1.2587707E-02
